 1391    13.315    42.550     6.1   1.5    -0.2   1.8
 1392    13.316    42.401    13.9   1.3   -20.2   1.5
 139A    13.182    42.364   -10.6   2.1    -6.2   2.6
 1402    13.924    42.461    10.9   1.3     0.6   1.6
 1405    13.565    42.524    26.8   1.6    30.3   1.9
 1412    13.965    42.576     6.0   1.5     3.6   1.8
 1452    13.397    42.027    -5.4   1.8   -10.2   2.2
 1453    13.076    42.091    -5.3   1.4    -6.9   1.8
 1462    13.606    42.173    -8.2   2.3     6.2   2.9
 1463    13.677    42.333    28.4   1.4     9.8   1.7
 CADO    13.483    42.293   -81.3   1.4    65.7   1.8  -164.7   6.3
 CAPO    13.670    42.253     3.7   1.9    -1.4   2.3
 CAST    13.746    42.379    20.1   1.4    13.1   1.7
 CPAG    13.288    42.501     2.9   2.5    -1.9   2.8    11.6  10.9
 OVIN    13.513    42.136    -8.8   1.8    -2.0   2.2
 ROIO    13.386    42.327    11.0   1.4   -12.2   1.8  -123.7   6.2
 SELL    13.180    42.369    -9.6   2.2    -6.1   2.7    10.1   9.7
 SMCO    13.271    42.393     0.1   2.4   -11.1   3.0    19.7  11.0
 TO13    13.260    42.141    -9.8   2.3   -21.3   2.7
