    LON       LAT     U    V      Z      SLIP[m]      SLIP[m]       RISE[sec]     TRUP[sec]   PSV[m/s] SSV[m/s] DSV[m/s] RAKE[°]
   
==================================================================================================================

  13.3664827  42.4296417 -7. -0.5 -0.404508501  0.                    0.7500   5.7051  0.0000  0.0000  0.0000	-29.894804
  13.3976631  42.4081688 -3.5 -0.5 -0.404508501  0.255600005	      2.3123   7.3904  0.4338  0.1044  -0.4211   76.0758667
  13.4288435  42.386692  0. -0.5 -0.404508501  1.45910001	      1.7919   2.5955  2.8633  1.1962  -2.6014   65.3056412
  13.4600239  42.3652153  3.5 -0.5 -0.404508501  0.168300003	      1.8432   6.8194  0.3248  -0.1974 -0.2580  -52.5798073
  13.4912043  42.3437424  7. -0.5 -0.404508501  0.495099992	      1.3899   7.7051  1.1335  0.4579  -1.0369   66.1735229
  13.5223846  42.3222656  10.5 -0.5 -0.404508501  0.0445999987	      1.7208   8.6202  0.0896  0.0092  -0.0891   84.1048355
  13.553566  42.3007889  14. -0.5 -0.404508501  0.302399993	      1.8570   9.1739  0.5811  -0.2629 -0.5183  -63.1042747
  13.5847464  42.2793159  17.5 -0.5 -0.404508501  0.3565	      1.6216   11.6675 0.7423  -0.1757 -0.7212  -76.3082199
  13.6159267  42.2578392  21. -0.5 -0.404508501  0.		      0.7500   13.6497 0.0000  0.0000  0.0000	-29.894804
  13.3493919  42.4161072 -7. -4. -3.23606801  0.		      0.7500   5.3496  0.0000  0.0000  0.0000	-29.894804
  13.3805723  42.3946304 -3.5 -4. -3.23606801  0.124600001	      2.2457   2.3003  0.2149  0.0680  -0.2039   71.5566177
  13.4117527  42.3731575  0. -4. -3.23606801  0.610199988	      2.8449   1.7529  0.9248  -0.1132 -0.9178  -82.9687424
  13.4429331  42.3516808  3.5 -4. -3.23606801  0.379099995	      1.8201   2.9485  0.7371  -0.3978 -0.6205  -57.336235
  13.4741135  42.330204  7. -4. -3.23606801  0.0524999984	      1.8429   4.2349  0.1013  0.0156  -0.1001   81.1420364
  13.5052948  42.3087311  10.5 -4. -3.23606801  0.00410000002	      1.5508   6.5660  0.0087  0.0015  -0.0085   79.9920197
  13.5364752  42.2872543  14. -4. -3.23606801  0.0776000023	      1.7242   7.7394  0.1558  -0.0106 -0.1554  -86.0978394
  13.5676556  42.2657776  17.5 -4. -3.23606801  0.0425999984	      1.8410   8.8720  0.0822  -0.0076 -0.0819  -84.6983566
  13.5988359  42.2443047  21. -4. -3.23606801  0.		      0.7500   11.4602 0.0000  0.0000  0.0000	-29.894804
  13.3323011  42.4025688 -7. -7.5 -6.06762743  0.		      0.7500   2.8513  0.0000  0.0000  0.0000	-29.894804
  13.3634815  42.3810959 -3.5 -7.5 -6.06762743  0.142299995	      1.7596   1.9096  0.2822  0.0567  -0.2764   78.4073105
  13.3946619  42.3596191  0. -7.5 -6.06762743  0.835200012	      2.0491   0.5197  1.5169  -0.7130 -1.3389  -61.9635048
  13.4258423  42.3381424  3.5 -7.5 -6.06762743  0.463200003	      1.8295   1.2623  0.8979  -0.5654 -0.6976  -50.9754715
  13.4570236  42.3166695  7. -7.5 -6.06762743  1.68910003	      2.1862   2.8869  2.9576  -1.4788 -2.5614  -60.0004196
  13.488204  42.2951927  10.5 -7.5 -6.06762743  0.1611		      1.7870   4.6982  0.3167  0.0045  -0.3167   89.1859436
  13.5193844  42.273716  14. -7.5 -6.06762743  0.256900012	      1.3490   7.5573  0.5995  0.1274  -0.5858   77.7303543
  13.5505648  42.252243  17.5 -7.5 -6.06762743  0.172199994	      1.5925   5.1886  0.3626  -0.0860 -0.3522  -76.2780609
  13.5817451  42.2307663  21. -7.5 -6.06762743  0.		      0.7500   8.3214  0.0000  0.0000  0.0000	-29.894804
  13.3152103  42.3890343 -7. -11. -8.89918709  0.		      0.7500   2.4809  0.0000  0.0000  0.0000	-29.894804
  13.3463907  42.3675575 -3.5 -11. -8.89918709  0.0454999991	      1.9433   1.3245  0.0851  -0.0133 -0.0841  -81.013382
  13.3775711  42.3460846  0. -11. -8.89918709  0.55430001	      0.9432   0.0000  1.6545  -0.5258 -1.5687  -71.4697723
  13.4087524  42.3246078  3.5 -11. -8.89918709  0.175099999	      1.7015   3.0822  0.3542  0.0601  -0.3491   80.2318802
  13.4399328  42.3031311  7. -11. -8.89918709  0.962400019	      2.6104   4.4405  1.5281  -0.3884 -1.4779  -75.2753296
  13.4711132  42.2816582  10.5 -11. -8.89918709  1.14349997	      1.7479   5.1389  2.2769  -0.5269 -2.2151  -76.6198578
  13.5022936  42.2601814  14. -11. -8.89918709  0.132200003	      1.4889   7.1575  0.2900  -0.0035 -0.2900  -89.3085327
  13.533474  42.2387047  17.5 -11. -8.89918709  0.0744000003	      1.8122   7.3081  0.1451  -0.0223 -0.1434  -81.1607895
  13.5646544  42.2172318  21. -11. -8.89918709  0.		      0.7500   10.0112 0.0000  0.0000  0.0000	-29.894804
  13.2981195  42.3754959 -7. -14.5 -11.7307463  0.		      0.7500   5.3538  0.0000  0.0000  0.0000	-29.894804
  13.3292999  42.354023 -3.5 -14.5 -11.7307463  0.596400023	      1.7076   2.9438  1.2040  0.2779  -1.1715   76.6551208
  13.3604813  42.3325462  0. -14.5 -11.7307463  0.066399999	      1.7281   1.4931  0.1331  0.0205  -0.1315   81.1392822
  13.3916616  42.3110695  3.5 -14.5 -11.7307463  0.791299999	      1.9722   4.0057  1.4688  0.6121  -1.3352   65.3717041
  13.422842  42.2895966  7. -14.5 -11.7307463  1.03910005	      1.7968   4.2922  2.0359  0.6709  -1.9222   70.7596283
  13.4540224  42.2681198  10.5 -14.5 -11.7307463  0.123300001	      1.6683   5.7472  0.2525  0.0435  -0.2487   80.0787811
  13.4852028  42.2466431  14. -14.5 -11.7307463  0.196099997	      2.1835   7.6776  0.3436  0.1024  -0.3280   72.6618958
  13.5163832  42.2251701  17.5 -14.5 -11.7307463  0.121299997	      1.7601   9.0546  0.2406  0.0295  -0.2388   82.9576797
  13.5475645  42.2036934  21. -14.5 -11.7307463  0.		      0.7500   11.7954 0.0000  0.0000  0.0000	-29.894804
  13.2810287  42.3619614 -7. -18. -14.5623064  0.		      0.7500   4.7164  0.0000  0.0000  0.0000	-29.894804
  13.3122101  42.3404846 -3.5 -18. -14.5623064  0.		      0.7500   5.1464  0.0000  0.0000  0.0000	-29.894804
  13.3433905  42.3190117  0. -18. -14.5623064  0.		      0.7500   3.9477  0.0000  0.0000  0.0000	-29.894804
  13.3745708  42.2975349  3.5 -18. -14.5623064  0.		      0.7500   4.9592  0.0000  0.0000  0.0000	-29.894804
  13.4057512  42.2760582  7. -18. -14.5623064  0.		      0.7500   7.3800  0.0000  0.0000  0.0000	-29.894804
  13.4369316  42.2545853  10.5 -18. -14.5623064  0.		      0.7500   6.5105  0.0000  0.0000  0.0000	-29.894804
  13.468112  42.2331085  14. -18. -14.5623064  0.		      0.7500   8.3432  0.0000  0.0000  0.0000	-29.894804
  13.4992933  42.2116318  17.5 -18. -14.5623064  0.		      0.7500   9.1408  0.0000  0.0000  0.0000	-29.894804
  13.5304737  42.1901588  21. -18. -14.5623064  0.		      0.7500   11.1693 0.0000  0.0000  0.0000	-29.894804
